1 0.1 0.3162
    0 1  2900 0.315  0.06  0.3 0.076  0.43 0.82  1
    1 1 14500 0.398 0.091 0.23 0.051  0.38 0.82  1
    2 1  5300 0.358 0.101 0.25 0.072 0.492 0.84  1
    3 1  8800 0.331 0.188 0.21 0.044  0.39 0.85  1
    4 1  8600  0.43  0.11 0.29 0.038 0.413 0.82  1
    5 1  1200 0.404 0.129 0.27 0.042 0.436 0.86  1
    6 1 11500 0.382 0.193  0.3 0.082 0.149 0.84  1
    7 1  3100 0.395 0.123 0.28 0.042 0.145 0.85  1
    8 1  6500  0.34 0.062 0.23 0.086 0.435 0.87  1
    9 1  7900  0.35 0.137 0.25  0.04 0.181 0.84  1
   10 1  5800 0.293 0.094 0.29 0.082 0.185 0.87  1
   11 1  9800 0.304 0.105 0.27 0.083 0.174 0.83  1
   12 1 13600 0.275 0.128 0.22 0.022 0.346 0.86  1
   13 1  5400 0.408 0.168 0.25 0.042  0.14 0.85  1
   14 1 15000 0.383 0.132  0.2  0.06 0.247 0.82  1
